COCO METRICS:
AP: 0.012687777726610313
AP50: 0.021590151306703446
AP75: 0.012627170928755737
APsmall: 0.003397260474846654
APmedium: 0.018241564975812776
APlarge: 0.058291832167820405

PASCAL METRIC (AP per class)
car: 0.17704008263828128
pedestrain: 0
others: 0
truck: 0.029869993312722134
motorcycle: 0.005585958882655576
van: 0
ignored regions: 0
awning-tricycle: 0
person: 0.006197408827906558
bicycle: 0.004324956639122137
tricycle: 0
bus: 0.019859741019863195

PASCAL METRIC (mAP)
mAP: 0.020239845110045906