COCO METRICS:
AP: 0.012590040038831277
AP50: 0.02177045592534113
AP75: 0.012763627027386254
APsmall: 0.003516435375657835
APmedium: 0.017725930658092002
APlarge: 0.05858298317043554

PASCAL METRIC (AP per class)
car: 0.17439964424845103
pedestrain: 0
others: 0
truck: 0.030911078353292744
motorcycle: 0.005252341401757572
van: 0
ignored regions: 0
awning-tricycle: 0
person: 0.00627760158669702
bicycle: 0.003827781820141752
tricycle: 0
bus: 0.01950130126645526

PASCAL METRIC (mAP)
mAP: 0.02001414572306628